Rectangle 100 300 150 20 000000 ffdbb8
Rectangle 155 180 10 50 000000 006eb8
Rectangle 185 180 10 50 000000 006eb8
Triangle 175 340 110 180 240 180 000000 38a5ff
Circle 175 350 35 000000 ffdbb8
Circle 165 360 2 000000 000000
Circle 185 360 2 000000 000000
LineSegment 175 340 175 350 ff9f88
LineSegment 175 328 160 335 ff0000
LineSegment 175 328 190 335 ff0000
Triangle 175 385 150 400 150 370 000000 ff0000
Triangle 175 385 200 400 200 370 000000 ff0000
Circle 175 385 3 000000 ff0000
Circle 240 460 40 00ff00 c9ffb8
LineSegment 250 290 240 420 000000
Circle 450 500 55 ffcc00 ffff00